Uniform tryout
25 4 1 1
1  0  1  0 0   -1 -1
2  0  2  0 0 -0.5 -1
3  0  0  0 0    0 -1
4  0  3  0 0  0.5 -1
5  0  4  0 0    1 -1
6  0  5  6 0   -1 -0.5
7  0  7  8 0 -0.5 -0.5
8  0  9 10 0    0 -0.5
9  0 11 12 0  0.5 -0.5
10 0 13 14 0    1 -0.5
11 0 15 16 0   -1 0
12 0 17 18 0 -0.5 0
13 0 19 20 0    0 0
14 0 21 22 0  0.5 0
15 0 23 24 0    1 0
16 0 25 26 0   -1 0.5
17 0 27 28 0 -0.5 0.5
18 0 29 30 0    0 0.5
19 0 31 32 0  0.5 0.5
20 0 33 34 0    1 0.5
21 0 35 36 0   -1 1
22 0 37 38 0 -0.5 1
23 0 39 40 0    0 1
24 0 41 42 0  0.5 1
25 0 43 44 0    1 1
16 22 4 1
 1 1 4  7  6  1  2
 2 1 4  8  7  2  3
 3 1 4  9  8  3  4
 4 1 4 10  9  4  5
 5 1 4 12 11  6  7
 6 1 4 13 12  7  8
 7 1 4 14 13  8  9
 8 1 4 15 14  9 10
 9 1 4 17 16 11 12
10 1 4 18 17 12 13
11 1 4 19 18 13 14
12 1 4 20 19 14 15
13 1 4 22 21 16 17
14 1 4 23 22 17 18
15 1 4 24 23 18 19
16 1 4 25 24 19 20
1
2 1 100.0 0.3 1.0
1.0 1.0 1.0 1.0 
1.0 1.3 1.0 1.0
1.0 1.0 1.0 1.0 
1.0 1.0 1.0 1.0
1 5 1.0
21 2 -1
22 2 -2
23 2 -2
24 2 -2
25 2 -1
1 0.00001
1
1 0.2
0    0    0    0    0
-0.02 -0.02 -0.02 -0.02 -0.02
-0.04 -0.04 -0.04 -0.04 -0.04
-0.06 -0.06 -0.06 -0.06 -0.06
-0.08 -0.08 -0.08 -0.08 -0.08
-0.012 -0.006 0 0.006 0.012
-0.012 -0.006 0 0.006 0.012
-0.012 -0.006 0 0.006 0.012
-0.012 -0.006 0 0.006 0.012
-0.012 -0.006 0 0.006 0.012

